Rock Classics
37i9dQZF1DWXRqgorJj26U
 0.546 0.529 1. 9. -13.6 0.0436 0.000567 0.0629 0.574 0.0383 151.727 271000. 4.
 0.82 0.575 7. 1. -9.144 0.0408 0.0936 0.000135 0.109 0.964 123.765 4. 208947.
 0.599 0.79 -3.58 4. 1. 0.043 0.00257 0.00181 0.312 103.783 0.961 188067. 4.
 0.629 2. 0.897 -3.401 0.0424 1. 0.0483 168253. 0.93 0. 0.263 4. 161.944
 0.636 -3.785 0.746 1. 0.0393 0. 0.0648 0.29 0.173 0.432 132.31 138053. 4.
 2. 0.602 0.905 -4.046 1. 0.0775 0.000202 0.064 0.117 304840. 0.411 128.019 4.
 0.506 0.654 -17.18 11. 0.0535 0.686 0. 0.0155 0.155 0.831 123.179 252240. 4.
 0.404 0.903 -3.88 1. 0.577 0.0668 1. 115.672 423840. 0.498 0.287 0.297 4.
 0.709 0.623 1. -9.818 0.0636 0.0967 0. 0.102 0. 0.948 122.394 165381. 4.
 0.906 0.668 11. -4.881 0. 0.00245 0.17 0.507 135.653 0.214 0.135 231933. 4.
 0.559 0.725 -8.631 10. 0. 0.000365 0.0426 0.112 0.553 0.501 90.012 373307. 4.
 0.355 0.791 8. -7.565 0.0453 1. 0. 0.0969 0.00045 285200. 106.392 0.758 4.
 0.693 0.394 1. 0. -15.882 0.0782 0.0428 0.000694 0.247 0.721 104.114 238747. 4.
 0.835 0.572 0. -6.219 1. 0.0317 0.000377 0.0702 0.171 0.795 129.981 241600. 4.
 -9.316 0.294 0.641 11. 1. 0.0291 0.0163 0.112 0.22 536067. 0.226 79.759 4.
 5. 0.596 0.448 -9.616 1. 0.365 0.0396 5.3e-06 0.796 0.206 83.293 264504. 4.
 0.564 0.932 -10.068 11. 1. 0.013 0.349 0.169 0.0554 0.619 112.937 146250. 4.
 0.931 0. 0.638 -3.605 0.0363 1. 0.0524 0.228 0.965 228667. 0.000295 4. 128.662
 0.806 0.462 2. -12.778 0.0134 1. 0.0298 191227. 0.15 0.736 92.726 0.78 4.
 5. 0.623 0.449 -13.333 1. 0.0253 0. 0.212 84.383 0.0613 256000. 4. 0.572
 0.654 0.611 2. -10.45 0.119 1. 0.0337 0.000178 0.405 85.387 0.786 235000. 4.
 0.611 0.883 9. -11.225 1. 0.0846 0.192 0.0539 117.928 1.2e-06 246800. 0.604 4.
 0.637 0.682 11. -11.625 1. 0.0366 0.714 0.0112 0.0234 0.0473 129.983 4. 224907.
 0.533 0.376 0. 9. 0.0393 0.0302 -11.913 0.248 0.0926 0.187 165.007 259947. 4.
 7. 0.482 -5.735 0.786 8.88e-05 1. 0.00321 0.446 0.032 0.793 126.755 4. 323000.
 2. -12.412 0.438 1. 210373. 0.262 0.0919 0.53 0.71 0.221 0.537 145.928 4.
 0.591 0.804 0. -7.299 0.0454 1. 0.327 5.98e-06 0.0818 0.658 111.457 329413. 4.
 0.762 0.647 2. -5.856 0.0599 1. 0.0287 0.93 0.0705 141600. 3.35e-06 89.837 4.
 0.761 0.711 9. -7.989 0.0604 0.0174 1. 0.0652 0.000101 105.448 0.947 310387. 4.
 0.632 0.586 0. 0.0284 0.0983 -11.333 1. 0.581 0.0535 342173. 0.89 114.243 4.
 0.691 4. 0.548 0. -13.553 0.0369 0.015 0.106 0.667 0.144 137.145 261933. 4.
 0.466 0. 7. 0.833 -4.215 0.0266 0.0327 1. 0.304 0.661 88.785 313573. 4.
 0.534 0. -3.777 0.887 1. 0.0768 0.325 9.93e-05 4. 0.0345 249293. 0.72 122.494
 0.475 0.322 7. 1. 0.367 0.0283 -10.687 0.00056 0.387 0.11 93.503 4. 206267.
 0.575 0. 0.318 0.683 -16.729 0.109 1. 0.000202 0.0934 0.385 104.522 4. 254173.
 0.267 0.953 1. 0.00211 0. -4.899 0.283 0.096 0. 84.989 0.568 4. 267307.
 0.943 0.442 3. -3.205 0.0602 0.00293 1. 0.091 0.781 85.064 181533. 8.71e-06 4.
 0.868 0.757 9. -9.326 1. 0.062 0.411 0.00221 0.355 0.815 138.923 199200. 4.
 0.504 0.578 4. -9.302 0.031 1. 0.408 0. 0.321 0.654 174840. 132.411 4.
 0.7 0.686 -10.338 0. 9. 0.0279 4. 0.0943 0.0847 1.93e-06 125.412 268933. 0.815
 0.579 0.619 -9.307 0.0473 4. 1. 0.0152 6.4e-05 0.0858 0.69 225627. 127.224 4.
 0.377 0.682 7. 1. 0.0504 0.0299 -8.039 0.000894 0.00217 0.288 108.736 285133. 4.
 0.989 -4.613 0.729 0. 9. 0.049 0.0102 4.45e-05 0.443 126.47 0.84 4. 352906.
 0.333 0.927 9. 0.0029 -8.55 0. 0.000208 0.385 0.0733 141.466 0.297 308120. 4.
 0.767 0.787 3. -9.897 1. 0.0513 0.0331 0.583 0.964 0.0163 126.879 266200. 4.
 -7.246 0.667 0.755 9. 1. 0.0966 6.94e-05 0.069 0.0523 0.883 286220. 109.535 4.
 0.63 1. 0.0309 -8.128 0.616 0. 0.0408 0.463 0.509 0.173 4. 118.65 270773.
 0.766 0.446 -13.079 1. 2. 0.0867 0.25 0.000704 0.318 119.774 0.743 332907. 4.
 0.456 0.978 0. 10. 0.0301 -4.869 0.112 0.499 0.313 0.327 123.411 271867. 4.
 0.279 0.852 7. -7.838 1. 0.076 0.0511 0.0119 0.0624 117.418 0.438 558933. 4.