Chill Vibes
37i9dQZF1DX889U0CL85jj
 0.841 0.472 0. 0.0379 -6.941 0.912 0.781 1. 110.013 0.104 0.742 177727. 4.
 0.346 0.365 -12.907 2. 1. 0.0308 0.855 0.0278 0.281 73.837 256371. 0.213 4.
 0.671 0.336 -8.494 10. 0. 0.241 0.705 0.00751 75.051 0.0577 0.518 212496. 4.
 9. 0.425 0.774 -11.925 0. 0.283 0.55 0.0756 0.0139 0.348 154416. 83.954 4.
 0.69 5. 0.694 1. -9.431 0.834 0.0284 0.0812 100.041 0.352 0.811 4. 261614.
 0.498 0.235 0. 0.72 -16.541 0.188 1. 0.0895 118.917 0.144 179080. 0. 4.
 0. 0.491 0.894 0.318 -10.057 0.0978 0.152 0. 4.96e-05 73.354 0.14 175122. 4.
 0.362 0.806 7. -10.381 1. 0.535 0.0345 0.045 0.42 0.111 127.502 235427. 4.
 8. 0.599 0.749 1. -8.038 0.0855 0.701 0.103 0.385 0.413 174.073 4. 246973.
 0.396 8. 0.853 -10.39 0. 0.0409 0.4 0.23 0.104 0.72 97.002 275925. 4.
 0.453 0.541 3. 0.0567 1. -10.664 0.0803 0.0511 0.219 0.137 226066. 4. 117.861
 8. 0.468 -16.976 1. 0.107 0.0351 0.959 1.53e-06 0.0835 0.217 69.864 171429. 4.
 0.445 0.212 0. -14.313 1. 0.559 0.038 0.259 119.772 0.102 160000. 4. 0.0939
 0.781 0.666 -5.547 2. 1. 0.0639 0.00916 0. 0.561 0.1 130.005 141329. 4.
 -12.729 0.778 0. 1. 0.462 0.0359 0.583 0.463 0.11 4. 105.45 0.817 161537.
 0.41 0.174 3. -11.405 1. 0.0328 0.767 0.0694 0.00197 105.292 0.114 153000. 4.
 0.879 4. 0.315 -13.052 0.175 0.935 1. 0.144 0.246 0.11 4. 131.998 123216.
 0.861 0.388 9. -11.728 0. 0.0543 0.572 0.33 0.491 0.000984 4. 89.989 247320.
 0.399 0.671 1. -11.571 0. 0.0287 0.305 0.842 0.117 0.187 90.012 169000. 4.
 0.58 0.307 0.34 3. 0.583 -14.906 0. 0.00711 0.0988 0.347 134.486 134550. 4.
 0.85 0.223 1. -11.46 1. 0.0705 0.671 3.23e-05 0.468 95.008 0.0914 4. 146678.
 1. 0.347 0.433 3. -9.553 0.0347 0.166 0.458 132.649 0.111 197800. 4. 0.298
 0.0438 0.355 -6.253 0.629 9. 1. 0.789 3.45e-05 0.219 86.108 4. 0.27 266512.
 6. 0.565 -10.009 0.44 0.626 0. 0.229 0.051 0.000205 0.0893 119.728 151173. 4.
 0.563 0.556 -6.731 0. 0.349 1. 0.0523 0.9 0.245 83.9 0.04 63214. 4.
 0.555 0.527 7. -11.346 1. 0.0272 0.614 0.574 0.18 0.33 143.917 256205. 4.
 0.344 0.729 10. -9.541 0. 0.134 0.138 0.0395 0.00107 142.13 0.543 202160. 4.
 0.598 0.357 3. -12.104 1. 0.0492 0.869 0.168 0.0957 0.27 75.017 4. 183227.
 7. 0.426 -7.772 1. 0.484 0.0335 0.00199 0.43 0.0384 0.0888 58.339 208000. 4.
 0.334 0.868 10. -8.81 0.062 0. 0.00397 0.525 104.679 151580. 0.238 0.356 4.
 0.321 0.317 -12.921 1. 0. 0.032 0.728 0.0107 0.66 0.129 185.115 219107. 3.
 0.344 0.395 2. -10.529 0. 0.209 0.104 0.0482 1.97e-05 139.218 0.0814 4. 134558.
 0.7 0.791 2. -9.286 1. 0.507 0.685 0.0559 0.825 0.47 123.021 304667. 4.
 0.427 0.371 5. -11.405 0.147 1.96e-05 1. 0.21 0.689 0.354 237000. 65.722 3.
 0.675 0.414 1. 9. 0.42 0.0298 0.692 0.339 -12.641 128.052 186250. 0.27 4.
 0.67 0.319 4. -8.569 0. 0.04 0.638 0.413 0.0847 0.253 92.968 206452. 4.
 0.772 0.655 7. 1. -11.531 0.0753 0.258 0.0437 0.902 0.621 4. 91.995 225489.
 0.606 0.275 10. 1. -10.004 0.0288 0.39 0.19 0. 0.135 154074. 4. 81.041
 0.569 1. 0.339 10. 2.52e-05 0.0289 -8.661 0.687 124.818 209205. 0.24 4. 0.121
 -9.906 0.5 0.372 9. 0.0434 1. 0.00016 0.371 133.397 0.842 0.159 175970. 4.
 0.836 0.768 5. -8.418 1. 0.289 0.0328 0.835 0.122 189770. 0.971 121.981 4.
 0.817 0.306 0.0535 1. -11.959 0.163 10. 0.112 0.158 4. 0.402 91.014 262533.
 0.826 0.624 7. 1. -8.386 0.784 0.25 0.112 1.73e-06 179336. 0.894 115.94 4.
 0.513 10. -11.95 0.502 0.41 0.0446 0. 0.0586 100.148 4. 0.118 170463. 0.102
 0.795 9. 0.404 -8.616 1. 0.0609 0.531 0.715 0.197 0.539 162407. 126.003 4.
 0.635 0.448 -9.106 1. 1. 0.206 0.0598 0.00259 0.239 0.103 148.024 4. 160120.
 0.528 10. -6.368 0.733 1. 0.032 0.105 0.000558 0.0966 0.623 104.003 188221. 4.
 0.543 0.552 3. -7.88 1. 0.543 0.0506 142.016 0. 0.153 0.464 4. 255211.
 0.275 0.413 -12.391 7. 1. 0.0475 0.775 0.406 81.779 0.111 223469. 0.175 4.
 0.605 9. -11.586 0. 0.425 0.0373 0.376 0.0938 0.887 0.46 139.981 336840. 4.