Classical Piano Essentials
5ifMsPihlkYEGCakqfqj17
 0.028969784471859317 0.0034589526791650041 0.5842532323663352 -1.9121912863824821 0.38954441798378536 0.18192297580720873 -0.070857187196890839 -0.070973837827104078 -0.17050387389142518 -0.22487377754340454 -0.48774913714136997 -0.82139353769935131 1.4159983966534986
 0.022859044795765511 0.029638551587103181 0.37930836553364911 -1.146948917813853 0.38954441798378536 0.17802839229852058 -0.070856832155535815 -0.071043962808588851 -0.17047680696717107 1.5054671526393459 -0.48774721735326904 -0.82139353769935131 -0.51675722310799532
 -0.044297984244505359 0.053899080455098648 -3.0119143459468081 0.34808560655824045 1.2390719091999161 0.17249742916433319 -0.07089128694658868 -0.070979041749087743 -0.17050301138423052 -0.2262264360017352 -0.48673642225441205 -0.82139353769935131 1.0076981421030533
 -0.038370566758694373 0.067428990785326881 0.78919809919902129 -1.5693538427105449 0.26818334781005237 0.31911704360906384 -0.070892206109207781 -0.070974264378086349 -0.17050454216990044 -0.22622787636551264 2.0218387172032921 -0.82029829555192435 -0.51819497227916544
 0.013081861314015432 0.018907933049335957 0.174363498700963 0.34873726488112949 -3.4437663445237443 0.17910840285135005 -0.070855135846839612 -0.071049763901947685 -0.17047832129278004 -0.22333762040694774 -0.48774359997476407 -0.82138541667352971 0.2241850073485184
 0.35935710962599754 0.070850347420557014 -2.6699638356364712 0.28397285411912265 0.38820944621187425 0.33613539171425583 -0.070892115376417056 -0.070978871128694832 -0.17050324840910847 -0.22622781320953372 2.006124896080963 -0.82082990602323069 -0.51818469669707024
 1.3778137223082978 0.074427220266479424 -2.892841378317017 0.286191099050237 0.38954441798378536 0.17941931498019492 -0.070857463340166973 -0.0710489961101796 -0.17049942309093971 -0.22483594507473792 -0.48774210680624108 0.60202738420335755 -0.51817442111497514
 1.3778137223082978 -2.1205285774443405 0.10078829150802869 0.28357143259222295 0.31175197200242249 0.17835566822362042 -0.070887286813988773 -0.0709818569855707 -0.17047381123607508 -0.22622678234097446 -0.48680596124562309 1.1112806714228005 -0.51818469669707024
 0.0039157517998747336 0.023262386948719762 0.27683593211730606 -1.3110364835173194 0.38820944621187425 0.33613539171425583 -0.070858291769995349 -0.071002843293898263 -0.17050517423624159 -0.22622684345966376 -0.48609937256959074 -0.82138541667352971 1.8060697685671629
 -0.046685246544632672 0.091067454810553214 0.99414296603170738 -1.4134771718754806 0.27546501202047635 0.33613539171425583 -0.070854978050681819 -0.071021184986135757 -0.17047519388119631 -0.2235656746095617 -0.48775025257380816 -0.35680589249858125 -0.51818469669707024
 -0.0030097531663649084 0.0038555190164303145 0.48178079894999221 0.28607380055211695 -3.8657387855178142 0.33531720190150621 -0.070858725709429263 -0.071049849212144134 -0.17047358079522154 -0.22622733852104698 -0.48652259696676442 0.75406110860909836 -0.51818469669707024
 -5.0808307326777777 0.0650962476249427 0.077127406632195084 0.34873726488112949 1.3604329793736492 0.1798611374790797 -0.070855017499721271 -0.070980321402034544 -0.16833785496463316 -0.22622761762972804 -0.48772428655095251 -0.82141691813269169 2.0000727585234332
 0.0079895782506039376 0.0033454258453596412 0.5842532323663352 -1.4504913646155795 0.38954441798378536 0.17871567174123026 -0.070858528464232032 14.106728052019015 -0.17047381123607508 -0.22622280962617103 -0.48774994594098653 -0.82082934567244892 -0.51818469669707024
 -6.0827883482346241 0.047833948238099777 0.073766310816139033 0.67456642632566211 0.38954441798378536 0.17874839933374023 -0.07085509639780016 -0.071055940360170919 -0.17047733368912202 -0.22344903977751193 2.4428855769476927 -0.8214097797509945 -0.51822370280670349
 0.047913077467750094 0.0070575977945843311 0.174363498700963 0.34215551581994991 -3.2327194434916229 0.33613539171425583 -0.0708918273984291 -0.070973837827104078 -0.17050317598484019 2.5450349386659941 -0.48774820391104307 -0.82138541667352971 -0.5175214695263215
 0.041802337791656305 0.015797608835490386 0.077783230206059678 -1.020005876515063 0.63226655833125123 0.33613539171425583 -0.07085509639780016 -0.070981259814195535 -0.16785656278195848 -0.2262272977752541 -0.487750349452004 -0.82138541667352971 1.5729270864104987
 0.076226171300318044 0.002721805840483604 0.89167053261536433 -1.5440694997824491 0.38954441798378536 0.24924363360024687 -0.070855017499721271 -0.070977762096140928 -0.1705022213013041 -0.22622250403272462 -0.48709176969914725 0.36747591642457422 -0.51819497227916544
 0.029988241084541619 0.0028571049437858863 0.99414296603170738 0.28357143259222295 -3.052255532143282 0.18364117441398292 -0.070855017499721271 -0.070976397132997679 -0.17050093741654868 -0.22622721017179945 -0.4862132355573725 0.66862791696610957 -0.51818469669707024
 -0.032850531917956304 0.15793942540823303 0.174363498700963 0.30820411719742963 -2.6193605948335761 0.18010659442290458 -0.0708552147449185 -0.0709815157447849 -0.17050408128819336 -0.2262265786120102 -0.48771539864307789 -0.82086489952349573 2.269364938490805
 0.027747636536640558 0.016295260709705679 0.16647312132790459 0.47906892945894253 -2.6808906574116591 0.17883021831501519 -0.070894269293970844 -0.070974008447496975 -0.17050317598484019 -0.22622822066746229 1.1446644253333627 -0.8214097797509945 -0.51684770988392514
 0.032025154309906219 0.0030872689356104582 -2.6370701845098248 0.73973225861456859 0.27575627858889329 0.33613539171425583 -0.070856595461299146 -0.071052331738860927 -0.17047381123607508 -0.22622680271387088 1.7453447911317201 -0.820922924252991 -0.51819497227916544
 0.037321128695854175 0.014071378896806095 0.78919809919902129 -1.3354736706256594 0.26818334781005237 0.18172661025214881 -0.07085509639780016 -0.0709818569855707 -0.17050314306471825 -0.22622836327773727 -0.48713264518746258 0.10605197420219292 -0.51817442111497514
 -0.04421650771549078 -5.7619406508040436 0.090438575732978047 0.2861780658837792 0.26818334781005237 0.33613539171425583 -0.070855056948760722 -0.070982454156945887 -0.17049840256715976 -0.22622767059925875 0.40779464717219377 -0.82064619217709489 -0.51818469669707024
 0.019192600990109238 0.15685081193338707 -2.8934562129175152 0.93522975548128817 0.27638735615379673 0.33613539171425583 -0.070891137040238764 -0.070980833263213264 -0.17050458167404678 -0.22449716418003829 1.1600671696800802 -0.82141615475626439 -0.51818469669707024
 0.97043107723537769 0.077537544480324988 0.074893507583718807 -1.2005152319553341 0.38954441798378536 0.18341208126641304 -0.070890206042907827 -0.070973837827104078 -0.17047522680131824 -0.22348695373776428 0.60223540774526829 -0.82141624408754843 -0.51817442111497514
 -0.017268145743917114 0.059186631618636111 0.89167053261536433 -0.744028576771544 0.38954441798378536 0.17766838878091076 -0.07085517529587905 -0.070982198226356513 -0.17050314306471825 -0.22622824715222764 -0.48690675900882913 -0.82139353769935131 2.4132436389869758
 -0.046711726416562412 0.065562796257019537 -3.2829539323330343 0.28652344479491043 0.26818334781005237 1.3179631670137917 -0.070890738604940357 -0.070974008447496975 -0.17047572060314725 -0.22622678234097446 -0.48722517719634528 1.0536701142445342 -0.51818469669707024
 -0.02134197219464631 0.054054596665790926 0.27683593211730606 -1.4615695561046935 0.27426353742575638 0.33613539171425583 -0.070858291769995349 -0.070974093757693438 -0.17050335704551081 -0.22622753206356305 2.5017857424328032 -0.82046043183245221 -0.51819497227916544
 0.048727842757895941 0.037880910753793948 0.78919809919902129 0.28594998547076805 0.26818334781005237 -2.42247338095234 -0.0708898510015528 -0.070973923137300526 -0.16604911640729567 -0.22621023954907502 -0.48774812391987221 -0.82138541667352971 0.34826266114735133
 0.015118774539380035 0.011054364409375891 0.78919809919902129 -1.39086462807123 0.38954441798378536 0.17896112868505515 -0.070858528464232032 -0.070974008447496975 -0.1704878681281409 -0.2262265786120102 -0.48712421945079748 0.31585055527681 -0.51818469669707024
 0.067467444431250259 -5.3258731960228944 0.073674085626064326 0.34873726488112949 1.3604329793736492 0.18436118144920258 -0.070857857830561435 -0.070973923137300526 -0.16820505519275153 -0.2262275789212248 -0.48775059475826138 -0.39706993852195943 -0.51817442111497514
 0.040987572501510458 0.78000426817734736 0.075088205207209852 -1.6314568808818728 0.38954441798378536 0.20587957352451738 -0.070891062087063819 -0.070973837827104078 -0.17047604980436659 -0.22622617115408164 -0.48655852189039361 -0.36819157070043207 -0.51821552344335575
 -0.022360428807328612 1.4020691109464618 0.10734652724667465 0.28624323171606814 -2.0024822751404918 0.17249742916433319 -0.0708576605853642 -0.070974434998479247 -0.17050398581983978 -0.22622631376435665 -0.48655804194336844 1.3647622503916796 -0.51819497227916544
 -0.0083057275523128679 -3.7773982861598769 0.079484272600770983 0.67456642632566211 0.38954441798378536 0.17806111989103057 -0.070855688133391867 -0.070979127059284192 -0.17050123369764608 -0.22622338006727102 -0.48717457833681505 1.4578860534877016 -0.51818469669707024
 0.054634891111453282 0.0073064237316919764 -2.168156329196639 0.28357143259222295 1.3604329793736492 0.18369026580274789 -0.07085805507575868 -0.070974008447496975 -0.17050407470416898 -0.2262264360017352 -0.487074633812765 -0.82139353769935131 0.91530010790354155
 0.035691598115562495 0.31345563610051158 0.076584302735088455 -1.2373339271985662 0.38954441798378536 0.179255677017645 -0.070855293642997391 -0.070978871128694832 -0.17050357431831559 -0.22622828789802052 -0.48675988633120104 0.84306755161358093 -0.51818469669707024
 0.0079895782506039376 0.021240676209720137 0.17210910516580344 0.34873726488112949 0.27252807412227203 0.31911704360906384 -0.071687826171482963 -0.071044730600356931 -0.16812789042693829 -0.22620867083605006 2.0081068995370033 -0.82141758243260388 -0.51818469669707024
 0.012470787346406052 0.015797608835490386 -2.7618816084109308 0.28357143259222295 0.51090548815751824 0.1823975258986035 -0.07085509639780016 -0.071049934522340583 -0.17050329120526697 -0.22620970985376787 1.2061154203784894 -0.81980954785490445 -0.51818469669707024
 0.028766093149322859 0.013698139991144625 -2.20484146035969 0.28357143259222295 0.27527083430819838 0.17249742916433319 -0.070858291769995349 -0.071043962808588851 -0.17047381123607508 -0.22485291569746235 1.5412962021461809 -0.82141751746439728 -0.51819497227916544
 0.020007366280255082 -4.5835943223886488 0.074124964333096233 0.54423476174784913 0.38893761263291671 0.33613539171425583 -0.070859080750784287 -0.071052860662078943 -0.17050522032441232 -0.22452446386125169 -0.4877504365535012 1.2304486043286196 -0.51819497227916544
 -0.041853688374067839 1.0910366895619046 0.12220503009204441 -1.3782876224394709 0.38954441798378536 0.33482628801385644 -0.070889969348671145 -0.070980065471445183 -0.17047802501168263 -0.22492886585534558 -0.48774980373446053 -0.45576871316031708 -0.51818469669707024
 0.05361643449877098 0.0064355329518152159 0.27683593211730606 0.34873726488112949 -2.6098944313600252 0.18051568932927939 -0.07085517529587905 -0.070981430434588433 -0.17050314306471825 -0.22622225955796746 -0.48771539864307789 0.75351699987905274 -0.51730095553455968
 0.042617103081802145 1.0910366895619046 0.074606584770153042 0.34873726488112949 0.27313487947314069 -4.0563984370133177 -0.070854978050681819 -0.070987402148340178 3.1835930424475514 -0.22622703496489019 -0.48715288295369313 -0.82141615475626439 -0.51818469669707024
 -0.018490293679135874 0.039591589071409014 0.071891065284619957 -1.3319547156820586 0.38954441798378536 0.20784322907511646 -0.0708552147449185 -0.071055684429581559 -0.17050328791325475 -0.22621235833030354 -0.48718835459402077 -0.52873613016718535 -0.51818469669707024
 0.025710723311275954 0.0038804016101410791 0.174363498700963 0.34873726488112949 0.27442130681698224 -3.1148256005010628 -0.070855333092036843 -0.070985781254607569 -0.170499785212281 -0.2262271694260066 -0.48717396507117178 -0.82138541667352971 1.8920147372109259
 0.025914414633812416 0.016621844752159463 0.78919809919902129 0.34873726488112949 0.28104762124846805 0.33449901208875654 -0.071919313134956864 -0.071055360250835031 -0.1704987317683791 -0.22621054514252145 2.8052722447195979 -0.82078316951962738 -0.51818469669707024
 0.042209720436729221 0.31345563610051158 0.17374866410046494 0.28947545699759791 -2.0888913571041896 0.17249742916433319 -0.070858449566153142 -0.07105547115409043 -0.17049731620313593 4.262490480434713 -0.48774988372563138 -0.82063102210086014 -0.51819497227916544
 -0.046609880755294181 0.15685081193338707 0.11851602248905604 0.286308397548357 1.1177108390261832 0.17249742916433319 -0.072010834906473489 -0.070978700508301934 -0.17050268218301118 -0.22621975369170685 -0.4868479654982385 0.47971661430458823 -0.51818469669707024
 -8.11012808144001 0.02108515999902786 0.99414296603170738 0.28388944185379283 0.26818334781005237 0.33531720190150621 -0.070892742616144255 -0.070979980161248735 -0.17050421626069329 -0.22622507101767453 -0.48624576530019364 -0.82138541667352971 1.3420655834789559
 0.041598646469119843 0.029794067797795459 0.17354371923363227 0.413903097170036 -2.5992146571847368 0.17249742916433319 -0.070892943806245431 -0.070980492022427455 -0.17048144870436374 -0.22622731203628163 0.41668255504681434 -0.820665707002144 -0.51818469669707024
 0.0937436250384536 0.01316938487479088 0.071891065284619957 -1.21863133333165 0.26818334781005237 0.18586665070466188 -0.070855017499721271 -0.070984842842446577 -0.17049178562265102 -0.22622674159518164 -0.48671699328779811 -0.088966339877154244 -0.51819497227916544
 -0.0023986791987555276 0.15793942540823303 0.072554061928823688 0.34873726488112949 -3.1932770956851595 0.18076114627310427 -0.07085509639780016 -0.070981003883606161 -0.1705052071563635 -0.22622741797534304 -0.4871456393087753 2.7025631970575037 -0.51818469669707024
 -0.0030097531663649084 0.014506824286744475 0.071891065284619957 0.28357143259222295 0.28493117549402752 0.17932113220266496 -0.070859751384454883 -0.073170404765388511 -0.17047374539583121 -0.22622760540599018 -0.486571187159115 0.52308289219180881 -0.51819497227916544
 0.031821462987369764 0.0045382351813694176 0.071891065284619957 0.34873726488112949 -2.9478850117938715 0.17917385803637 -0.070854978050681819 -0.070983989740482048 4.660784753868759 -0.22345150489797971 -0.48774961708839515 -0.82141636590293576 -0.51818469669707024
 0.97043107723537769 0.049700142766407121 0.083367977827250375 -1.0808707638729016 0.38954441798378536 0.17923931322138997 -0.070855056948760722 -0.071050813217364062 -0.16822990988481168 -0.22621115632941427 -0.48774998149261806 -0.82139353769935131 1.6792690855131176
 -0.0021949878762190672 1.2465529002541833 0.098738842839701829 0.28744879961341291 -2.0884059128234944 0.33613539171425583 -0.07085584592954966 -0.070983989740482048 -0.17050362699051069 -0.22622725702946125 2.544021080653 -0.82038296536714017 -0.51818469669707024
 0.036302672083171873 1.5575853216387405 0.072447490598070707 0.34873726488112949 -4.4754568020706493 0.33548083986405614 -0.070891973359875043 -0.070979468300070014 -0.17050356773429121 -0.22481822065484564 -0.48771539864307789 0.48509273339847214 -0.5182210722576871
 -0.031791337040766712 0.037258845911024838 0.5842532323663352 0.34841143571968497 0.38954441798378536 0.1786502165562103 -0.067981036628902508 -0.0729758122072781 -0.17047588520375692 -0.2262272223955373 -0.48775004370797315 0.43169698862160416 -0.51819497227916544
 0.0387469679536094 0.010572264156229829 -2.5661592605857155 0.80489809090347519 0.38954441798378536 0.17937022359142993 -0.070858094524798118 -0.070974008447496975 -0.17050271510313311 -0.22622486728871025 -0.48660375245356757 -0.82138541667352971 2.4380077918362666
 0.054227508466380366 0.0039581597154872182 0.27683593211730606 -1.26809220003893 0.38299092019440378 0.33613539171425583 -0.070892040423242111 -0.071052058746232272 5.42861367785673 -0.22620875232763579 -0.48774206236670176 -0.8208492990328925 -0.51822130859607529
 -0.044175769450983483 0.0099346476923914857 0.13009540746510281 0.413903097170036 0.38881625156274296 -4.0264526898666819 -0.070894269293970844 -0.071048740179590231 -0.1704940571110645 -0.22620944500611434 -0.487063435048843 0.18774137294143473 -0.51819497227916544
 1.1741223997718377 0.017974835785182289 -2.0455992988306932 0.34873726488112949 0.2725644824433241 0.33515356393895634 -0.070858725709429263 -0.0710304837975492 -0.16815639925253312 -0.22622707163610375 -0.48771539864307789 0.68219815111396453 -0.51822433989279337
 -0.045194226063665785 0.073027574370248913 0.48178079894999221 -1.6691878977771497 0.26818334781005237 0.18454118320800747 -0.070892241613343274 -0.070973923137300526 -0.17047545724217178 -0.22357541285405422 -0.487748781625055 0.67977808541913465 -0.51818469669707024
 -0.047112998321959233 0.049389110345022559 -3.17689496374712 0.34873726488112949 0.27380236535909619 0.33531720190150621 -0.070861132100835528 -0.070546945604050823 -0.17050501951166849 -0.22622812287755942 -0.48711941109263734 0.84328681931076355 -0.51818469669707024
 0.0081932695731404 -3.8778617582670889 0.5842532323663352 0.29640910155313754 0.26818334781005237 0.33482628801385644 -0.070890324390026169 -0.071054029411770359 -0.17049333286838195 -0.2246880174737749 0.029765261540956444 -0.82138541667352971 -0.5182163557655054
 0.043431868371947985 0.0034045220054227067 -3.6198832934059708 0.60940059403675562 0.27315915168717542 0.17249742916433319 -0.070858686260389825 -0.070973837827104078 -0.1682243134640829 -0.22622676196807806 -0.487750349452004 0.3577550485161467 -0.51817442111497514
 0.02021105760279154 0.0024232147159544289 0.27683593211730606 0.29640910155313754 -2.9452150682500498 0.17915749424011504 -0.070856516563220243 -0.070984842842446577 -0.16828008015063903 -0.22622639525594238 -0.48774938600279044 -0.0044427031261820909 -0.51818469669707024
 -0.030345128650757849 0.043168461917331424 0.68672566578267824 -1.4314629415872189 0.26818334781005237 0.33531720190150621 -0.0708925256464273 -0.070982283536552962 -0.17050388705947397 -0.22621879616557472 -0.48771539864307789 0.15332446550959192 -0.51751777031676716
 -0.025212107322839052 0.050944272451945348 -2.0654789509134637 1.0003955877701947 0.38954441798378536 0.17948477016521489 -0.070855017499721271 -0.070985098773035937 -0.17050340971770592 -0.2262249895260888 -0.48713068095982232 -0.82138541667352971 1.8959194584070798
 0.024895958021130114 0.0038430777195749325 0.37930836553364911 0.28357143259222295 0.27416644856961742 -5.0197351225447129 -0.070855056948760722 -0.071048740179590231 -0.17047693864765881 -0.22622466355974596 1.5973522371114128 -0.8208264951923856 -0.51818469669707024