Death Metal classics
4tszLL7NTfLCoIz39Zsiy1
 0.15261041725149058 0.02357341937010432 -0.49006775957060528 0.93522975548128817 0.26818358689136063 0.208825056850416 -0.07085482025452404 -0.071049507971358325 -0.17050455204593704 -0.22622703903946945 -0.48678222164368995 2.2681451627838913 -0.51819497227916544
 1.7851963673812179 0.060275245093482067 0.17036707379772562 -0.15727542284222962 0.28747975796767589 0.17249742916433319 -0.070890596588398344 -0.071058805486056767 -0.17050469689447353 -0.22622717757516519 1.2740723639878384 -0.82138541667352971 -0.51704065448892556
 0.1534251825416364 0.31345563610051158 0.10324762991002093 -0.047927156261444483 0.38954441798378536 0.19033396708227476 -0.07089426773573379 -0.071047375216446981 -0.17050648741990554 -0.22413051316302532 -0.48774855053945021 -0.82138541667352971 2.3496172346538597
 -0.016860763098844191 0.12419240768800856 0.174363498700963 -0.41761292283641116 0.27619317844151875 0.3233716306353619 -0.070890245491947265 -0.070973496586318269 -0.17050650091715552 -0.22622682308676734 2.16677383091473 -0.8202659657481286 -0.51819497227916544
 -0.014212775905870209 0.14720880687046581 -0.64971981083326769 0.34873726488112949 0.26818386116737919 0.33613539171425583 -0.070887523508225442 -0.071035261168550592 -0.17050376196301062 -0.22622423572892097 -0.48771539864307789 1.1270841876715891 -0.51711936544777437
 -0.0064725056494847324 1.713101532331019 0.17323630193338321 0.34873726488112949 -0.32235961965533227 0.17250358195172505 -0.070890206042907827 -0.071058767028220213 6.2379548756034406 -0.22622676196807806 -0.48775067297185071 -0.82059805073602454 -0.51818469669707024
 0.017766761732354017 1.5575853216387405 0.17169921543213809 -0.36658807615419742 0.26818334781005237 0.19786131335957119 -0.070888785877487745 -0.071058776412341818 -0.17050169457935316 -0.22404963276420653 2.2808945680248582 -0.8214134098495367 -0.51818469669707024
 -0.021749354839719234 0.15047464729500362 0.89167053261536433 -0.19181331395535009 0.27982187443971335 0.30782602419311922 -0.070894269231641369 -0.070973496586318269 -0.17050545734929023 -0.22622739760244662 -0.48702708350563573 1.535628633677657 -0.51818469669707024
 0.0016751472519736712 0.46897184679279019 0.17016212893089294 -0.50917091720232477 0.38954441798378536 0.22355247347990906 -0.070894265936857589 -0.07103466399717541 -0.17050531250075371 -0.22622784376887836 -0.48685148510975684 -0.82138541667352971 2.6074726917493392
 -0.00463928374665659 0.14285435297108198 0.174363498700963 -0.50845409304714684 0.38954441798378536 0.19082488096992453 -0.070861053202756624 -0.07105880255991702 -0.17050152997874349 -0.22335709689593281 -0.48774859497898959 -0.82138541667352971 2.7185825609441032
 0.01145233073372375 0.13756680180754452 1.1990878328643935 -0.30200873635589104 0.38954441798378536 0.18318298811884312 -0.070894268698290352 -0.070993629792681284 -0.17049109430009043 -0.22622741186347411 1.9528685520962363 -0.82058007078485562 -0.51819497227916544
 0.022451662150692591 0.14409848265662023 0.071891373726644545 0.73973225861456859 -0.33206850526923087 0.33613539171425583 -0.070889574858276683 -0.071037393923461922 -0.17050014733362226 3.6038754847134391 -0.48775036900540136 -0.82049769109892146 -0.51818469669707024
 0.0098228001534320687 0.1528073904553878 0.37930836553364911 -0.33895776326370108 0.37874328273832314 0.194097640220923 -0.07085482025452404 -0.071035346478747041 -0.17050649555117567 -0.22614755214676635 -0.4877493948906983 -0.82051511882033468 2.240017876027081
 -0.012583245325578533 0.1535849715088492 0.99414296603170738 0.30879060968802974 -0.80355626289418358 0.1725014546582119 -0.07085482025452404 -0.0710284363528343 -0.17050474298264426 -0.22622529511953526 -0.48706305286880436 1.4051481118023814 -0.51818469669707024
 0.012267096023869592 0.15793942540823303 1.0966153994480505 0.33954888252839366 -0.98232111926009225 0.18668484051741147 -0.070894265775116524 -0.071034834617568321 -0.170479835618389 -0.22622138352342108 -0.4868804330257045 1.5560936187480308 -0.51818469669707024
 4.5616671681989452e-05 0.1448760637100816 0.174363498700963 -0.2107765711514219 0.2681844412732946 0.33613539171425583 -0.070893957646559216 -0.071052954503295046 -0.17049994981289068 -0.22622299298223889 1.8677846100124933 -0.82058794005887681 -0.51818469669707024
 0.14059262922183943 0.040213653914178124 0.174363498700963 -0.22908817002460463 0.2681875590391874 0.18231570691732854 -0.07085482025452404 -0.071055402905933263 -0.17050143121837769 -0.22622566183167095 2.2068227437977703 -0.82138541667352971 -0.51687640958471692
 0.15322149121909995 0.050944272451945348 0.99414296603170738 -0.13003610494546675 0.38954441798378536 0.17250063646839914 -0.070888509734211611 -0.0710560853875049 -0.17049915972996424 -0.22622805157242196 2.6162619958579163 -0.820507225183236 -0.51818469669707024
 0.15505471312192809 0.045190172656331046 0.48178079894999221 -0.056333548626713456 0.38954441798378536 0.17252426579019139 -0.070891223828125557 -0.0710527412278039 -0.17050407470416898 -0.22622733648375731 -0.48632076146683967 1.6900336976232984 -0.51818469669707024
 -0.013398010615724369 0.1492305176094654 -0.6534088184362562 0.34873726488112949 1.1177108390261832 0.19573401984642219 -0.0708942692142838 -0.071051947842976887 -0.17048177790558311 6.101592586774446 -0.48774943044232977 -0.82075373892205006 -0.51819497227916544
 -0.014009084583333749 0.15467358498369516 0.085007536761911862 1.0003955877701947 -0.29942237739249672 0.17249791516908194 -0.0708590018527054 -0.070973496586318269 -0.17050241882203571 -0.22614755214676635 -0.48774885272831797 -0.82020154977131188 2.6635054409141454
 0.14364799905988632 0.043635010549408257 -0.6012503498273376 1.0003955877701947 0.26818334781005237 0.20195226242331926 -0.0708942686470066 -0.071032104691281808 -0.17050537504898539 -0.22622230030376034 -0.48771539864307789 -0.82038960024523633 2.0379896564545055
 0.15179565196134473 0.051410821084022187 0.99414296603170738 -0.098821671279080509 0.38954441798378536 0.1993340550225205 -0.070893999068050634 -0.071058796801478766 -0.17050453558587608 6.6033159071044327 -0.48774527090144443 -0.82035507776446881 -0.51818469669707024
 -0.0011765312635367662 0.15560668224784882 0.27683593211730606 0.28914311125292447 0.37668014454536969 -2.1937075093075484 -0.070894269174440264 -0.070973496586318269 -0.17050337679758398 -0.22622830012175835 -0.48675737105327249 0.88052984372851506 -0.51818469669707024
 -0.025823181290448437 0.15793942540823303 0.071998661339707115 0.34775977739679592 -0.32199553644481116 0.18269207423119338 -0.07085482025452404 -0.071049763901947685 -0.170505368464961 4.1118329113503647 -0.48774948376977706 -0.82065981925842346 -0.51818469669707024
 0.0073785042829945576 0.15560668224784882 0.174363498700963 0.34873726488112949 -0.514716915880699 0.20522502167431769 -0.070884604279306387 -0.071058806299062943 -0.17050255050252344 -0.22622676196807806 -0.48686859433241553 1.5080658720392253 -0.51818469669707024
 1.5815050448447578 0.024039968002181156 -0.63957503992504972 0.3456744707635509 0.29099922900271419 0.17249742916433319 -0.0708942691109273 -0.071050608472892574 -0.17049725036289207 -0.22460163639292061 -0.4877447998423271 1.513864284475831 -0.51818469669707024
 0.0053415910576299552 0.14814190413461947 -0.66970193534945466 0.34873726488112949 0.26818334781005237 0.28180758814768153 -0.070890048246750034 -0.071058804436741355 -0.17048971165496918 -0.22622256515141392 1.3911527744202152 -0.82138541667352971 -0.51714776715668542
 0.042617103081802145 0.1450315799207739 -0.62246214354452045 0.34873726488112949 1.6031551197211151 0.18383753996904281 -0.070887365712067663 -0.071058805962087662 -0.17050294554398665 -0.22622010003094611 -0.48680403256961424 -0.82138541667352971 2.48402184845831
 0.15444363915431872 0.042079848442485468 0.174363498700963 -0.039976924722197896 0.51090548815751824 0.19573401984642219 -0.070894188423439974 -0.071058805306905351 -0.17050407470416898 -0.22622707978526232 -0.48672417471736079 -0.82138541667352971 1.9209199496445588
 0.14507383831764153 0.064163150360789026 -0.99433460441242938 0.80489809090347519 0.27468830117136445 0.33613539171425583 -0.070894262114245668 -0.0710488254897867 -0.17050383438727887 -0.22408705777494461 -0.48771539864307789 1.3011989812861973 -0.51822484750654885
 0.00900803486328624 -2.1889557101489427 0.16790773539573339 0.413903097170036 0.38954441798378536 0.19098851893247445 -0.070894268982717931 -0.070984501601660768 -0.17050304430435248 -0.22622799860289125 -0.48682948753776717 0.6867134414707613 -0.51818469669707024
 -0.011564788712896233 0.14798638792392718 0.27683593211730606 0.001338212948968799 0.38954441798378536 0.18603028866721177 -0.070894251305208864 -0.07103466399717541 -0.16721587136887953 -0.22622250403272462 -0.48774316446727822 0.994768313960637 -0.51819497227916544
 0.14588860360778738 0.037414362121717115 1.1990878328643935 -0.40047430894442876 0.28153306552916296 0.17250016191830778 -0.07085482025452404 -0.070979638920462912 -0.1705020237805725 -0.22622193359162462 -0.48651833077098461 1.4213901634455353 -0.51818469669707024
 1.3778137223082978 0.1560732308799257 0.11185531431699375 -0.075622634984229747 0.2682104113287011 0.19164307078267415 -0.070889377613079438 -0.071040123849748435 -0.17047358079522154 -0.22622899585617134 -0.48685951977847552 1.6466186935811482 -0.51818469669707024
 -0.016860763098844191 1.4020691109464618 0.17313382949996689 -0.049165307074933717 0.38954441798378536 0.20702503926236687 -0.070894269174440264 -0.071049252040768965 -0.17048546495923972 -0.22622629339146019 -0.48728163318716494 0.9805808818503422 -0.51818469669707024
 0.031210389019760382 0.14269883676038972 0.174363498700963 -0.1600775536306526 0.26818525317885411 0.18845213051295062 -0.070891409238610953 -0.070973496586318269 -0.17050485491105882 -0.22409357710180153 -0.48774808836824074 1.3625939364973185 -0.51818469669707024
 0.0073785042829945576 0.14736432308115807 1.0966153994480505 -0.077838273282052617 0.27139941616965629 0.17250003100793773 -0.070894269293970844 -0.07104430404937466 -0.17048977749521307 -0.22273012100836406 2.0001522219892176 -0.82141406765262837 -0.51819497227916544
 0.0031009865097288928 0.15420703635161831 0.071891065284619957 0.29451929241675928 0.38954441798378536 -0.54080044959077966 -0.070894201836113391 -0.071058803540984289 -0.170503564442279 -0.22622338006727102 -0.48687190063414487 1.6843002533932649 -0.51818469669707024
 0.0092117261858227 0.1543625525623106 -0.51599328522494 0.28357143259222295 1.481794049547382 0.19426127818347289 -0.070894269227301965 -0.071052596200469942 -0.17049741496350176 -0.22614755214676635 -0.48774861275480536 1.4311353944314273 -0.51712728792156981
 0.97043107723537769 -0.92025446332133443 0.088286654631234848 0.34456665161463945 0.38954441798378536 0.17249770898524916 -0.0708917485003502 -0.0710511203340713 -0.17050123369764608 -0.22621488456946059 -0.48680976527019343 0.580157461665851 -0.51818469669707024
 -0.0030097531663649084 0.14876396897738856 0.27683593211730606 -0.15056334211647227 0.38954441798378536 0.22993435401935602 -0.070891160709662435 -0.0710488254897867 -0.17050027901411 -0.22622904370375219 -0.48674451913848582 1.3930883884573397 -0.51818469669707024
 0.13794464202886544 0.0024232147159544289 0.094537473069631769 0.34873726488112949 -0.40876870161903023 0.18339571747015804 -0.0708571477478514 -0.071058806782771752 -0.17050497342349777 -0.22622783969429908 -0.48683506914391245 0.636241265989661 -0.51818469669707024
 0.013285552636551894 0.14814190413461947 1.1990878328643935 -0.2070621187109542 0.27829272495552432 0.17249742916433319 -0.070894269066744384 -0.071047033975661172 -0.17049224650435812 -0.22430584230968387 -0.48774868385806835 -0.82138541667352971 1.471671500444975
 -0.00015807465085447076 0.15747287677615618 1.1990878328643935 -0.15590694036416258 0.38954441798378536 0.19442491614602281 -0.070892612434314092 -0.071050497569637189 -0.17050650031800929 -0.22622828586073085 -0.48630361669254951 1.2501989391266946 -0.51819497227916544
 0.15016612138105304 -0.74685388839944378 0.071937895186691234 0.30624914222876243 0.27687280043449164 1.8088770546635597 -0.070888943673645524 -0.071058806782771752 -0.17048079030192509 -0.22622142426921393 -0.48639789961928348 -0.8214097797509945 0.84911508362873556
 0.013285552636551894 0.15187429319123413 1.1990878328643935 -0.332636677531677 0.28772248010802337 0.17249742916433319 -0.070888351938053817 -0.071058799684963411 -0.17050391339557153 4.3473435940569329 -0.48774885272831797 -0.82056798669843312 -0.51818469669707024
 0.094151007683526522 0.056853888458251935 -0.84964352842855306 1.0003955877701947 0.38954441798378536 0.17302761616299492 -0.070892217943919617 -0.0710586711395594 -0.17050311014459632 -0.22622454132236741 2.0627230934265466 -0.82138541667352971 -0.51692182765757733
 0.0041194431224111936 0.15047464729500362 0.78919809919902129 -0.27887486589332922 0.33942229600203366 0.17249742916433319 -0.070890206042907827 -0.071058804914478454 -0.17050205670069443 -0.22622756873477662 -0.48646681645694329 -0.82138541667352971 1.5997771824251033
 -0.00056545729592738557 0.13787783422892907 0.071891532558916338 0.34873726488112949 -0.70112751966755293 0.23271619938270469 -0.07085482025452404 -0.07105203315317335 -0.17049925849033004 -0.22396681694022713 -0.48774895049530459 -0.82138541667352971 1.9947705581623405
 0.11207584406673503 0.042857429495946862 0.89167053261536433 0.28357143259222295 0.32704346684431285 -1.7265211262275191 -0.070891515751017459 -0.071058791682866981 -0.17050281386349891 -0.22622525437374238 -0.48771539864307789 -0.82051673490447308 2.2774107192713009
 -0.002602370521291988 0.10195358955901272 1.1990878328643935 -0.53862587339691059 0.26818334781005237 0.17249882663253338 -0.070892210054111726 -0.071051043554894486 -0.16458542194586739 -0.22621296951719636 -0.48775048988094843 1.0520053039511108 -0.51818469669707024
 0.01165602205626021 0.15078567971638818 0.5842532323663352 0.34873726488112949 -0.47745906733736304 0.17268888558051657 -0.070894160414621973 -0.071036028960318673 -0.17050440719740051 -0.22441324821965175 -0.48774960820048729 0.97722689818603092 -0.51818469669707024
 0.13264866764291749 0.028238905690872677 0.48178079894999221 -0.31002413372742654 0.26818371432048427 0.33613539171425583 -0.070890087695789486 -0.070980150781641632 -0.17049991689276872 -0.22622663973069948 -0.48681468028324809 1.219233467669022 -0.51818469669707024
 0.0065637389928487168 -1.3144880574262605 0.99414296603170738 0.28841977051451756 0.38954441798378536 0.17250392559144642 -0.070858015626719228 -0.0710405504007307 -0.17047812377204843 -0.22427917418825971 2.2096668743176489 -0.82138541667352971 -0.51822407272765891
 1.7851963673812179 0.0346150703292561 0.17098190839822369 -0.33139852671818781 0.37935008808919174 0.19180670874522404 -0.07085482025452404 -0.071040721021123618 -0.16464599497022589 -0.22622639525594238 2.6381884645846054 -0.8214178998510191 -0.51818469669707024
 0.14303692509227695 0.31345563610051158 0.094742417936464457 -0.21110240031286642 0.28468845335368009 0.33613539171425583 -0.070865155902859092 -0.071058806613857564 -0.17037482042941962 -0.22622747909403229 -0.48775036367265662 -0.82025021907906059 1.201495620417421
 0.14751813418807905 0.0825140632224779 0.78919809919902129 -0.36873854861973127 0.26818334781005237 0.18645574736984158 -0.070876004388706976 -0.071051418919758885 -0.17050304430435248 -0.22622832456923408 -0.48648936507922119 -0.82138541667352971 1.467972290890724
 -0.013194319293187907 0.15560668224784882 0.89167053261536433 -0.0798584140830087 0.38954441798378536 0.19147943282012422 -0.07086594488364803 -0.0710508217483837 -0.17050274802325507 2.5273716374630011 -0.48774733289607142 -0.81996617807992511 -0.51818469669707024
 0.15485102179939161 0.03119371369402597 0.99414296603170738 0.153174602182121 0.38954441798378536 0.20162498649821942 -0.07089426850104516 -0.071034066825800241 -0.16596566389819303 -0.22622280962617103 1.6830316690227554 -0.82141758486891159 -0.51819497227916544
 -0.011972171357969153 0.15638426330131025 0.174363498700963 0.13935944573687284 0.28031945482742565 0.17249846499263613 -0.070887878549580466 -0.070205704818236861 -0.17050133245801188 -0.22622799860289125 2.80077496333504 -0.82066042021433427 -0.51818469669707024
 0.00839696089567686 0.62448805748506875 -0.50492626241597494 0.34684745574475118 0.26818334781005237 0.18828849255040073 -0.0708881546928566 -0.071058806495276391 -0.17049613107874634 -0.22622462281395311 -0.48678339484752942 1.1357493222232116 -0.51818469669707024
 -0.013194319293187907 0.15793942540823303 0.17210910516580344 0.34873726488112949 0.26818410267590886 -0.79771205079415819 -0.070861763285466672 -0.071042512535249139 -0.17049389251045483 -0.22622735278207445 -0.48674049291621863 1.7590136909517724 -0.51818469669707024
 0.021636896860546762 0.15482910119438745 1.1990878328643935 -0.19943771633315216 0.38954441798378536 0.1725241021522288 -0.070893298847600456 -0.07104430404937466 -0.17050264926288924 -0.22622670084938876 -0.48671332258184591 0.48411821029988289 -0.51818469669707024
 0.024081192730984274 0.14332090160315883 1.1990878328643935 -0.2691651568822821 0.27610822569239712 0.17249742916433319 -0.070894258997771561 -0.07104191536387397 -0.17050649941270596 -0.22621464009470343 0.89023028660659909 -0.82044247624436062 -0.51818469669707024
 -0.010750023422750391 0.15576219845854111 0.174363498700963 0.34873726488112949 -0.70804510066745585 0.1891885013444253 -0.070894269247026492 -0.070982454156945887 -0.17049833672691592 -0.22622541735691382 -0.48658410128925678 1.2177148358403871 -0.51818469669707024
 0.14772182551061552 0.032126810958179638 0.68672566578267824 -0.194680610576062 0.38954441798378536 0.189843053194625 -0.070894269251760372 -0.071036114270515122 -0.17047733368912202 -0.22622313559251386 -0.48677571569512573 1.8209446338671176 -0.51818469669707024
 -1.169346266010135 0.042546397074562307 0.16872751486306412 0.67456642632566211 0.26818334781005237 0.20555229759941754 -0.070894268307744854 -0.071039526678373266 -0.17050330437331573 -0.22622305410092816 2.1941485871685611 -0.82073117059129186 -0.51818469669707024
 0.14935135609090719 1.713101532331019 0.099558622307032579 -0.02928972822681725 0.38954441798378536 0.17249820808103491 -0.070886182240884249 -0.07102178215751094 -0.1705041570044738 -0.2262257840690495 -0.48771539864307789 2.0081667631577509 -0.51679466732915
 0.15098088667119888 0.042857429495946862 0.78919809919902129 -0.19956804799772995 0.26818334781005237 0.19213398467032392 -0.070894269090413811 -0.070983989740482048 -0.17050409116422996 -0.22622551922139594 -0.48659960180059014 -0.82139353769935131 1.6306039287105276